255 125 0
254 124 1
253 123 2
252 122 3
251 121 4
250 120 5
249 119 6
248 118 7
247 117 8
246 116 9
245 115 9
244 114 10
244 113 11
243 111 12
242 110 13
241 109 14
240 108 15
239 107 16
238 106 17
237 105 18
236 104 19
235 103 20
234 102 21
233 101 22
232 100 23
231 99 24
230 98 25
229 97 26
228 96 26
227 95 27
226 94 28
225 92 29
224 91 30
223 90 31
222 89 32
221 88 33
221 87 34
220 86 35
219 85 36
218 84 37
217 83 38
216 82 39
215 81 40
214 80 41
213 79 42
212 78 43
211 77 43
210 76 44
209 75 45
208 74 46
207 72 47
206 71 48
205 70 49
204 69 50
203 68 51
202 67 52
201 66 53
200 65 54
199 64 55
199 63 56
198 62 57
197 61 58
196 60 59
195 59 60
194 58 61
193 57 62
192 56 63
190 55 64
189 54 65
188 53 66
187 52 67
186 51 68
185 50 69
184 50 70
183 49 71
182 48 72
181 47 73
180 46 74
178 45 75
177 44 76
176 43 77
175 42 78
174 41 79
173 40 80
172 40 81
171 39 82
170 38 83
169 37 84
168 36 85
166 35 86
165 34 87
164 33 88
163 32 89
162 31 90
161 30 91
160 30 92
159 29 93
158 28 94
157 27 95
156 26 96
154 25 97
153 24 98
152 23 99
151 22 100
150 21 101
149 20 102
148 20 103
147 19 104
146 18 105
145 17 106
144 16 107
142 15 108
141 14 109
140 13 110
139 12 111
138 11 112
137 10 113
136 10 114
135 9 116
134 8 117
133 7 118
132 6 119
130 5 120
129 4 121
128 3 122
127 2 123
126 1 124
125 0 125
124 0 126
123 0 127
122 0 128
121 0 129
119 0 130
118 0 131
117 0 132
116 0 133
115 0 134
114 0 135
113 0 136
112 0 137
111 0 139
110 0 140
109 0 141
108 0 142
106 0 143
105 0 144
104 0 145
103 0 146
102 0 147
101 0 148
100 0 149
99 0 150
98 0 151
97 0 152
96 0 153
94 0 155
93 0 156
92 0 157
91 0 158
90 0 159
89 0 160
88 0 161
87 0 162
86 0 163
85 0 164
83 0 165
82 0 166
81 0 167
80 0 168
79 0 169
78 0 171
77 0 172
76 0 173
75 0 174
74 0 175
73 0 176
72 0 177
70 0 178
69 0 179
68 0 180
67 0 181
66 0 182
65 0 183
64 0 184
63 0 185
62 0 187
61 0 188
59 0 189
58 0 190
57 0 191
56 0 192
55 0 193
54 0 194
53 0 195
52 0 196
52 0 197
51 0 198
50 0 199
49 0 200
48 0 201
47 0 202
46 0 203
46 0 204
45 0 205
44 0 206
43 0 207
42 0 208
41 0 209
40 0 210
40 0 211
39 0 212
38 0 213
37 0 214
36 0 215
35 0 216
34 0 217
34 0 217
33 0 218
32 0 219
31 0 220
30 0 221
29 0 222
28 0 223
28 0 224
27 0 225
26 0 226
25 0 227
24 0 228
23 0 229
22 0 230
22 0 231
21 0 232
20 0 233
19 0 234
18 0 235
17 0 236
16 0 237
15 0 238
15 0 239
14 0 240
13 0 241
12 0 242
11 0 243
10 0 244
9 0 245
9 0 246
8 0 247
7 0 248
6 0 249
5 0 250
4 0 251
3 0 252
3 0 253
2 0 254
1 0 255
0 0 255