255 255 255
252 255 255
248 255 255
245 255 255
242 255 255
238 255 255
235 255 255
232 255 255
228 255 255
225 255 255
222 255 255
218 255 255
215 255 255
212 255 255
208 255 255
205 255 255
201 255 255
198 255 255
195 255 255
191 255 255
188 255 255
185 255 255
181 255 255
178 255 255
175 255 255
171 255 255
168 255 255
165 255 255
161 255 255
158 255 255
155 255 255
151 255 255
148 255 255
145 255 255
141 255 255
138 255 255
135 255 255
131 255 255
128 255 255
125 255 255
121 255 255
118 255 255
114 255 255
111 255 255
108 255 255
104 255 255
101 255 255
98 255 255
94 255 255
91 255 255
88 255 255
84 255 255
81 255 255
78 255 255
74 255 255
71 255 255
68 255 255
64 255 255
61 255 255
58 255 255
54 255 255
51 255 255
48 255 255
44 255 255
42 254 255
41 252 255
40 250 255
40 248 255
39 246 255
38 244 255
38 242 255
37 240 255
36 238 255
36 236 255
35 234 255
34 232 255
34 230 255
33 228 255
32 226 255
32 224 255
31 222 255
30 219 255
30 217 255
29 215 255
28 213 255
28 211 255
27 209 255
27 207 255
26 205 255
25 203 255
25 201 255
24 199 255
23 197 255
23 195 255
22 193 255
21 191 255
21 189 255
20 186 255
19 184 255
19 182 255
18 180 255
17 178 255
17 176 255
16 174 255
15 172 255
15 170 255
14 168 255
13 166 255
13 164 255
12 162 255
11 160 255
11 158 255
10 156 255
9 154 255
9 151 255
8 149 255
8 147 255
7 145 255
6 143 255
6 141 255
5 139 255
4 137 255
4 135 255
3 133 255
2 131 255
2 129 255
1 127 255
0 125 255
0 123 254
0 121 252
0 119 250
0 117 248
0 115 246
0 113 244
0 111 242
0 109 240
0 107 237
0 105 235
0 103 233
0 101 231
0 99 229
0 97 227
0 96 225
0 94 223
0 92 221
0 90 219
0 88 217
0 86 215
0 84 213
0 82 211
0 80 209
0 78 207
0 76 205
0 74 202
0 72 200
0 70 198
0 68 196
0 66 194
0 64 192
0 63 190
0 61 188
0 59 186
0 57 184
0 55 182
0 53 180
0 51 178
0 49 176
0 47 174
0 45 172
0 43 169
0 41 167
0 39 165
0 37 163
0 35 161
0 33 159
0 32 157
0 30 155
0 28 153
0 26 151
0 24 149
0 22 147
0 20 145
0 18 143
0 16 141
0 14 139
0 12 137
0 10 134
0 8 132
0 6 130
0 4 128
0 2 126
0 0 124
0 0 122
0 0 120
0 0 118
0 0 116
0 0 114
0 0 112
0 0 111
0 0 109
0 0 107
0 0 105
0 0 103
0 0 101
0 0 99
0 0 97
0 0 95
0 0 93
0 0 91
0 0 89
0 0 87
0 0 85
0 0 83
0 0 81
0 0 80
0 0 78
0 0 76
0 0 74
0 0 72
0 0 70
0 0 68
0 0 66
0 0 64
0 0 62
0 0 60
0 0 58
0 0 56
0 0 54
0 0 52
0 0 50
0 0 48
0 0 47
0 0 45
0 0 43
0 0 41
0 0 39
0 0 37
0 0 35
0 0 33
0 0 31
0 0 29
0 0 27
0 0 25
0 0 23
0 0 21
0 0 19
0 0 17
0 0 16
0 0 14
0 0 12
0 0 10
0 0 8
0 0 6
0 0 4
0 0 2
0 0 0