238 184 0
238 183 2
238 181 3
237 180 5
237 179 6
237 177 8
237 176 9
237 175 11
237 173 12
236 172 14
236 171 15
236 170 17
236 168 18
236 167 20
236 166 21
235 164 23
235 163 24
235 162 26
235 160 27
235 159 29
235 158 30
234 156 32
234 155 33
234 154 35
234 152 36
234 151 38
234 150 39
233 149 41
233 147 42
233 146 44
233 145 45
233 143 47
233 142 48
232 141 50
232 139 51
232 138 53
232 137 54
232 135 56
232 134 57
231 133 59
231 132 60
231 130 62
231 129 63
231 128 65
231 126 66
230 125 68
230 124 69
230 122 71
230 121 72
230 120 74
230 118 75
229 117 77
229 116 78
229 115 80
229 113 81
229 112 83
228 111 84
228 109 86
228 108 87
228 107 89
228 105 90
228 104 92
227 103 93
227 101 95
227 100 96
226 98 98
225 97 99
224 95 100
223 94 102
222 92 103
221 91 105
220 89 106
219 87 107
218 86 109
217 84 110
216 83 112
215 81 113
214 80 114
213 78 116
212 76 117
211 75 119
210 73 120
209 72 121
208 70 123
207 69 124
206 67 126
205 65 127
204 64 129
202 62 130
201 61 131
200 59 133
199 58 134
198 56 136
197 54 137
196 53 138
195 51 140
194 50 141
193 48 143
192 46 144
191 45 145
190 43 147
189 42 148
188 40 150
187 39 151
186 37 152
185 35 154
184 34 155
183 32 157
182 31 158
181 29 159
180 28 161
179 26 162
178 24 164
177 23 165
176 21 166
175 20 168
174 18 169
173 17 171
172 15 172
171 13 174
170 12 175
169 10 176
168 9 178
167 7 179
166 6 181
165 4 182
164 2 183
163 1 185
162 0 186
160 0 187
159 0 188
157 0 188
156 0 189
154 0 190
153 0 191
151 0 192
150 0 193
148 0 194
147 0 194
145 0 195
144 0 196
142 0 197
141 0 198
139 0 199
138 0 199
136 0 200
135 0 201
133 0 202
132 0 203
130 0 204
129 0 205
127 0 205
126 0 206
124 0 207
123 0 208
121 0 209
120 0 210
118 0 210
117 0 211
115 0 212
114 0 213
112 0 214
111 0 215
109 0 216
108 0 216
106 0 217
105 0 218
103 0 219
102 0 220
100 0 221
99 0 222
97 0 222
96 0 223
94 0 224
93 0 225
91 0 226
90 0 227
88 0 227
87 0 228
85 0 229
84 0 230
83 0 231
81 0 232
80 0 233
78 0 233
77 0 234
75 0 235
74 0 236
72 0 237
71 0 238
69 0 238
68 0 239
66 0 240
65 0 240
64 0 240
63 0 240
62 0 240
61 0 240
60 0 240
59 0 240
58 0 241
57 0 241
56 0 241
55 0 241
54 0 241
53 0 241
52 0 241
51 0 241
50 0 241
49 0 241
47 0 242
46 0 242
45 0 242
44 0 242
43 0 242
42 0 242
41 0 242
40 0 242
39 0 242
38 0 243
37 0 243
36 0 243
35 0 243
34 0 243
33 0 243
32 0 243
31 0 243
30 0 243
28 0 244
27 0 244
26 0 244
25 0 244
24 0 244
23 0 244
22 0 244
21 0 244
20 0 244
19 0 245
18 0 245
17 0 245
16 0 245
15 0 245
14 0 245
13 0 245
12 0 245
11 0 245
9 0 246
8 0 246
7 0 246
6 0 246
5 0 246
4 0 246
3 0 246
2 0 246
1 0 246
0 0 247