158 172 187
158 172 187
158 172 186
158 172 186
157 171 186
157 171 186
157 171 185
157 171 185
156 170 185
156 170 185
156 170 184
155 170 184
155 170 184
155 169 184
155 169 183
154 169 183
154 169 183
154 168 183
154 168 182
153 168 182
153 168 182
153 167 182
153 167 181
152 167 181
152 167 181
152 167 181
151 166 180
151 166 180
151 166 180
151 166 180
150 165 179
150 165 179
150 165 179
150 165 179
149 164 178
149 164 178
149 164 178
149 164 178
148 164 177
148 163 177
148 163 177
147 163 177
147 163 176
147 162 176
147 162 176
146 162 176
146 162 175
146 161 175
146 161 175
145 161 175
145 161 174
145 161 174
145 160 174
144 160 174
144 160 173
144 160 173
143 159 173
143 159 172
143 159 172
143 159 172
142 159 172
142 158 171
142 158 171
142 158 171
141 157 170
140 156 169
139 155 168
137 154 167
136 152 166
135 151 164
134 150 163
133 149 162
131 147 161
130 146 160
129 145 158
128 144 157
126 142 156
125 141 155
124 140 154
123 139 152
122 138 151
120 136 150
119 135 149
118 134 148
117 133 146
115 131 145
114 130 144
113 129 143
112 128 142
110 126 140
109 125 139
108 124 138
107 123 137
106 121 136
104 120 134
103 119 133
102 118 132
101 117 131
99 115 130
98 114 128
97 113 127
96 112 126
95 110 125
93 109 124
92 108 122
91 107 121
90 105 120
88 104 119
87 103 118
86 102 116
85 100 115
84 99 114
82 98 113
81 97 112
80 96 110
79 94 109
77 93 108
76 92 107
75 91 106
74 89 104
73 88 103
71 87 102
70 86 101
69 84 100
68 83 98
66 82 97
65 81 96
64 79 95
63 78 94
62 78 93
62 77 92
61 76 92
60 76 91
60 75 90
59 74 90
58 74 89
57 73 88
57 72 87
56 71 87
55 71 86
55 70 85
54 69 85
53 69 84
53 68 83
52 67 82
51 67 82
51 66 81
50 65 80
49 64 80
49 64 79
48 63 78
47 62 77
46 62 77
46 61 76
45 60 75
44 59 75
44 59 74
43 58 73
42 57 72
42 57 72
41 56 71
40 55 70
40 55 70
39 54 69
38 53 68
37 52 67
37 52 67
36 51 66
35 50 65
35 50 65
34 49 64
33 48 63
33 48 62
32 47 62
31 46 61
31 45 60
30 45 60
29 44 59
28 43 58
28 43 57
27 42 57
26 41 56
26 41 55
25 40 55
24 39 54
24 38 53
23 38 52
22 37 52
22 36 51
21 36 50
20 35 50
19 34 49
19 34 48
19 33 48
19 33 48
18 33 48
18 33 47
18 32 47
18 32 47
17 32 46
17 31 46
17 31 46
16 31 45
16 30 45
16 30 45
16 30 45
15 29 44
15 29 44
15 29 44
15 28 43
14 28 43
14 28 43
14 27 42
14 27 42
13 27 42
13 27 41
13 26 41
12 26 41
12 26 41
12 25 40
12 25 40
11 25 40
11 24 39
11 24 39
11 24 39
10 23 38
10 23 38
10 23 38
10 22 38
9 22 37
9 22 37
9 21 37
8 21 36
8 21 36
8 21 36
8 20 35
7 20 35
7 20 35
7 19 35
7 19 34
6 19 34
6 18 34
6 18 33
6 18 33
5 17 33
5 17 32
5 17 32
4 16 32
4 16 31
4 16 31
4 15 31
3 15 31
3 15 30
3 15 30
3 14 30
2 14 29