255 233 201
255 230 199
255 228 196
254 226 194
254 224 192
253 221 190
253 219 187
252 217 185
252 214 183
251 212 180
251 210 178
250 208 176
250 205 174
249 203 171
249 201 169
248 199 167
248 196 164
247 194 162
247 192 160
246 190 158
246 187 155
245 185 153
245 183 151
244 180 148
244 178 146
243 176 144
243 174 142
242 171 139
242 169 137
241 167 135
241 165 133
240 162 130
240 160 128
239 158 126
239 156 123
238 153 121
238 151 119
237 149 117
237 146 114
236 144 112
236 142 110
235 140 107
235 137 105
234 135 103
234 133 101
233 131 98
233 128 96
232 126 94
232 124 92
231 122 89
231 119 87
230 117 85
230 115 82
229 112 80
229 110 78
228 108 76
228 106 73
227 103 71
227 101 69
226 99 66
226 97 64
225 94 62
225 92 60
224 90 57
224 88 56
221 86 57
219 85 57
217 84 58
214 83 59
212 81 60
210 80 61
208 79 62
205 77 62
203 76 63
201 75 64
199 74 65
196 72 66
194 71 67
192 70 67
190 68 68
187 67 69
185 66 70
183 65 71
180 63 72
178 62 72
176 61 73
174 60 74
171 58 75
169 57 76
167 56 76
165 54 77
162 53 78
160 52 79
158 51 80
156 49 81
153 48 81
151 47 82
149 45 83
146 44 84
144 43 85
142 42 86
140 40 86
137 39 87
135 38 88
133 36 89
131 35 90
128 34 90
126 33 91
124 31 92
122 30 93
119 29 94
117 27 95
115 26 95
112 25 96
110 24 97
108 22 98
106 21 99
103 20 100
101 18 100
99 17 101
97 16 102
94 15 103
92 13 104
90 12 104
88 11 105
85 9 106
83 8 107
81 7 108
79 6 108
79 7 108
78 8 107
77 8 107
76 9 106
76 9 106
75 10 106
74 11 105
74 11 105
73 12 104
72 12 104
72 13 104
71 14 103
70 14 103
69 15 103
69 15 102
68 16 102
67 17 101
67 17 101
66 18 101
65 18 100
64 19 100
64 20 99
63 20 99
62 21 99
62 21 98
61 22 98
60 23 98
60 23 97
59 24 97
58 24 96
57 25 96
57 25 96
56 26 95
55 27 95
55 27 94
54 28 94
53 28 94
53 29 93
52 30 93
51 30 92
50 31 92
50 31 92
49 32 91
48 33 91
48 33 91
47 34 90
46 34 90
45 35 89
45 36 89
44 36 89
43 37 88
43 37 88
42 38 87
41 39 87
41 39 87
40 40 86
39 40 86
38 41 85
38 42 85
37 42 85
36 43 84
36 43 84
35 44 84
35 44 83
34 43 82
34 43 82
34 43 81
33 42 81
33 42 80
32 42 79
32 41 79
32 41 78
31 41 78
31 40 77
31 40 76
30 40 76
30 39 75
30 39 75
29 39 74
29 38 73
29 38 73
28 37 72
28 37 71
28 37 71
27 36 70
27 36 70
27 36 69
26 35 68
26 35 68
26 35 67
25 34 67
25 34 66
25 34 65
24 33 65
24 33 64
24 33 64
23 32 63
23 32 62
23 31 62
22 31 61
22 31 61
22 30 60
21 30 59
21 30 59
21 29 58
20 29 58
20 29 57
20 28 56
19 28 56
19 28 55
19 27 55
18 27 54
18 27 53
18 26 53
17 26 52
17 26 51
17 25 51
16 25 50
16 24 50
16 24 49
15 24 48
15 23 48
14 23 47
14 23 47
14 22 46
13 22 45
13 22 45