191 255 152
189 254 153
188 253 153
187 253 153
185 252 154
184 251 154
183 250 154
181 249 155
180 249 155
179 248 155
177 247 156
176 246 156
174 245 156
173 245 157
172 244 157
170 243 158
169 242 158
168 241 158
166 241 159
165 240 159
163 239 159
162 238 160
161 237 160
159 237 160
158 236 161
157 235 161
155 234 161
154 233 162
153 233 162
151 232 162
150 231 163
148 230 163
147 229 163
146 229 164
144 228 164
143 227 165
142 226 165
140 225 165
139 225 166
137 224 166
136 223 166
135 222 167
133 221 167
132 221 167
131 220 168
129 219 168
128 218 168
126 217 169
125 217 169
124 216 169
122 215 170
121 214 170
120 213 171
118 213 171
117 212 171
116 211 172
114 210 172
113 209 172
111 209 173
110 208 173
109 207 173
107 206 174
106 205 174
105 205 174
103 204 175
102 202 175
100 201 176
98 200 176
97 198 177
95 197 177
93 196 178
92 194 178
90 193 179
89 192 179
87 190 180
85 189 180
84 188 181
82 186 181
80 185 182
79 183 182
77 182 183
76 181 183
74 179 183
72 178 184
71 177 184
69 175 185
67 174 185
66 173 186
64 171 186
63 170 187
61 169 187
59 167 188
58 166 188
56 165 189
54 163 189
53 162 190
51 161 190
50 159 191
48 158 191
46 157 192
45 155 192
43 154 193
41 153 193
40 151 194
38 150 194
37 149 195
35 147 195
33 146 196
32 144 196
30 143 197
28 142 197
27 140 198
25 139 198
24 138 199
22 136 199
20 135 199
19 134 200
17 132 200
15 131 201
14 130 201
12 128 202
11 127 202
9 126 203
7 124 203
6 123 204
4 122 204
2 120 205
1 119 205
0 118 206
0 116 206
0 115 207
0 113 207
0 112 208
0 110 208
0 109 209
0 108 209
0 106 210
0 105 210
0 103 211
0 102 211
0 101 212
0 99 212
0 98 213
0 96 213
0 95 214
0 94 214
0 92 215
0 91 215
0 89 216
0 88 216
0 87 217
0 85 217
0 84 218
0 82 218
0 81 219
0 80 219
0 78 220
0 77 220
0 75 221
0 74 221
0 73 222
0 71 222
0 70 223
0 68 223
0 67 224
0 65 224
0 64 225
0 63 225
0 61 226
0 60 226
0 58 227
0 57 227
0 56 228
0 54 228
0 53 229
0 51 229
0 50 230
0 49 230
0 47 231
0 46 231
0 44 232
0 43 232
0 42 233
0 40 233
0 39 234
0 37 234
0 36 235
0 35 235
0 33 236
0 32 236
0 30 237
0 29 237
1 28 236
1 28 235
2 27 234
3 27 233
3 26 232
4 26 231
5 26 230
5 25 228
6 25 227
7 24 226
7 24 225
8 23 224
9 23 223
9 22 222
10 22 221
11 22 219
11 21 218
12 21 217
13 20 216
13 20 215
14 19 214
15 19 213
15 18 212
16 18 210
17 17 209
17 17 208
18 17 207
19 16 206
20 16 205
20 15 204
21 15 203
22 14 201
22 14 200
23 13 199
24 13 198
24 13 197
25 12 196
26 12 195
26 11 194
27 11 192
28 10 191
28 10 190
29 9 189
30 9 188
30 9 187
31 8 186
32 8 185
32 7 183
33 7 182
34 6 181
34 6 180
35 5 179
36 5 178
36 4 177
37 4 176
38 4 174
39 3 173
39 3 172
40 2 171
41 2 170
41 1 169
42 1 168
43 0 166
43 0 165